14
1
0
0
1
33
0
0
21
9
0
0
85
85
85
85
245
98
8
0
15
1
0
0
1
33
0
0
22
9
0
0
85
85
85
85
34
157
8
0
16
1
0
0
1
33
0
0
23
9
0
0
85
85
85
85
135
169
8
0
17
1
0
0
1
33
0
0
24
9
0
0
85
85
85
85
224
177
8
0
18
1
0
0
1
33
0
0
25
9
0
0
85
85
85
85
56
186
8
0
19
1
0
0
1
33
0
0
32
9
0
0
85
85
85
85
144
194
8
0
20
1
0
0
1
33
0
0
33
9
0
0
85
85
85
85
232
202
8
0
21
1
0
0
1
33
0
0
34
9
0
0
85
85
85
85
65
211
8
0
22
1
0
0
1
33
0
0
35
9
0
0
85
85
85
85
153
219
8
0
23
1
0
0
1
33
0
0
36
9
0
0
85
85
85
85
241
227
8
0
24
1
0
0
1
33
0
0
37
9
0
0
85
85
85
85
73
236
8
0
25
1
0
0
1
33
0
0
38
9
0
0
85
85
85
85
162
244
8
0
26
1
0
0
1
33
0
0
39
9
0
0
85
85
85
85
202
0
9
0
27
1
0
0
1
33
0
0
40
9
0
0
85
85
85
85
35
9
9
0
28
1
0
0
1
33
0
0
41
9
0
0
85
85
85
85
123
17
9
0
29
1
0
0
1
33
0
0
48
9
0
0
85
85
85
85
211
25
9
0
30
1
0
0
1
33
0
0
49
9
0
0
85
85
85
85
43
34
9
0
31
1
0
0
1
33
0
0
50
9
0
0
85
85
85
85
132
42
9
0
32
1
0
0
1
33
0
0
51
9
0
0
85
85
85
85
220
50
9
0
33
1
0
0
1
33
0
0
52
9
0
0
85
85
85
85
52
59
9
0
34
1
0
0
1
33
0
0
53
9
0
0
85
85
85
85
140
67
9
0
35
1
0
0
1
33
0
0
54
9
0
0
85
85
85
85
228
75
9
0
36
1
0
0
1
33
0
0
55
9
0
0
85
85
85
85
61
84
9
0
37
1
0
0
1
33
0
0
56
9
0
0
85
85
85
85
210
92
9
0
38
1
0
0
1
33
0
0
57
9
0
0
85
85
85
85
42
101
9
0
39
1
0
0
1
33
0
0
64
9
0
0
85
85
85
85
130
109
9
0
40
1
0
0
1
33
0
0
65
9
0
0
85
85
85
85
124
125
9
0
41
1
0
0
1
33
0
0
66
9
0
0
85
85
85
85
212
133
9
0
42
1
0
0
1
33
0
0
67
9
0
0
85
85
85
85
44
142
9
0
43
1
0
0
1
33
0
0
68
9
0
0
85
85
85
85
132
150
9
0
44
1
0
0
1
33
0
0
69
9
0
0
85
85
85
85
221
158
9
0
45
1
0
0
1
33
0
0
70
9
0
0
85
85
85
85
53
167
9
0
46
1
0
0
1
33
0
0
71
9
0
0
85
85
85
85
202
175
9
0
